1	1.6478	1	2.49807
2	1.645	2	2.44826
3	1.6423	3	2.39874
4	1.639	4	2.34883
5	1.6351	5	2.29826
6	1.6311	6	2.24852
7	1.6267	7	2.19874
8	1.6223	8	2.148
9	1.6175	9	2.09877
10	1.6131	10	2.04849
11	1.6082	11	1.99974
12	1.6028	12	1.94872
13	1.5969	13	1.89861
14	1.5907	14	1.8486
15	1.5842	15	1.79883
16	1.5773	16	1.74814
17	1.5703	17	1.69851
18	1.5627	18	1.64876
19	1.5546	19	1.5989
20	1.5458	20	1.54843
21	1.5367	21	1.49831
22	1.5271	22	1.44896
23	1.5169	23	1.39829
24	1.5063	24	1.34826
25	1.4955	25	1.29893
26	1.4837	26	1.2489
27	1.471	27	1.19805
28	1.4573	28	1.14829
29	1.4427	29	1.09823
30	1.4269	30	1.04944
31	1.4098	31	0.998255
32	1.3916	32	0.948361
33	1.3724	33	0.898946
34	1.3515	34	0.849114
35	1.3284	35	0.797745
36	1.3038	36	0.74903
37	1.2757	37	0.698603
38	1.2445	38	0.647329
39	1.2114	39	0.598534
40	1.1747	40	0.548478
41	1.1339	41	0.499046
42	1.088	42	0.44875
43	1.0366	43	0.398737
44	0.9802	44	0.349085
45	0.9166	45	0.29863
46	0.8456	46	0.248202
47	0.7688	47	0.198604
48	0.6823	48	0.148529
49	0.5866	49	0.099345
50	0.4681	50	0.048712
51	0.3051	51	4.1008E-5
52	0.3052	52	-3.43E-4
53	0.3052	53	-3.55E-4
54	0.3051	54	-2.93E-4
55	0.3052	55	-3.59E-4
56	-0.0013	56	-0.049263
57	-0.1754	57	-0.099989
58	-0.2883	58	-0.148738
59	-0.3827	59	-0.199441
60	-0.4637	60	-0.248586
61	-0.5375	61	-0.299467
62	-0.6034	62	-0.349721
63	-0.6622	63	-0.398862
64	-0.7166	64	-0.44939
65	-0.7654	65	-0.499089
66	-0.809	66	-0.549133
67	-0.8486	67	-0.598665
68	-0.8839	68	-0.647705
69	-0.9173	69	-0.699269
70	-0.947	70	-0.749092
71	-0.9737	71	-0.798167
72	-0.9989	72	-0.8496
73	-1.0217	73	-0.899233
74	-1.0432	74	-0.94887
75	-1.063	75	-0.99889
76	-1.0814	76	-1.04992
77	-1.0979	77	-1.09868
78	-1.1138	78	-1.14874
79	-1.1286	79	-1.19855
80	-1.1428	80	-1.24941
81	-1.1558	81	-1.29912
82	-1.1681	82	-1.34879
83	-1.1795	83	-1.39879
84	-1.1905	84	-1.4496
85	-1.2009	85	-1.49921
86	-1.2109	86	-1.54902
87	-1.22	87	-1.59945
88	-1.2287	88	-1.64906
89	-1.2371	89	-1.69923
90	-1.245	90	-1.74826
91	-1.2528	91	-1.79917
92	-1.2597	92	-1.84957
93	-1.2662	93	-1.89885
94	-1.2723	94	-1.9492
95	-1.2784	95	-1.99988
96	-1.2836	96	-2.0488
97	-1.2888	97	-2.09898
98	-1.294	98	-2.14847
99	-1.2992	99	-2.19889
100	-1.3038	100	-2.24901
101	-1.3083	101	-2.29911
102	-1.3124	102	-2.349
103	-1.3165	103	-2.39959
104	-1.3204	104	-2.44861
105	-1.3238	105	-2.4982
106	-1.3203	106	-2.44846
107	-1.3164	107	-2.39882
108	-1.3126	108	-2.34899
109	-1.3087	109	-2.29884
110	-1.3046	110	-2.24901
111	-1.29	111	-2.19889
112	-1.295	112	-2.14823
113	-1.29	113	-2.099
114	-1.2846	114	-2.04863
115	-1.2793	115	-1.99945
116	-1.2733	116	-1.94871
117	-1.267	117	-1.89832
118	-1.2604	118	-1.84879
119	-1.2539	119	-1.799
120	-1.247	120	-1.74831
121	-1.2401	121	-1.69904
122	-1.2319	122	-1.6487
123	-1.2232	123	-1.59947
124	-1.214	124	-1.54851
125	-1.2046	125	-1.49885
126	-1.1946	126	-1.44911
127	-1.1841	127	-1.39843
128	-1.1731	128	-1.3487
129	-1.1614	129	-1.29877
130	-1.1488	130	-1.24904
131	-1.1353	131	-1.19783
132	-1.1212	132	-1.14849
133	-1.1063	133	-1.09842
134	-1.0907	134	-1.04958
135	-1.0734	135	-0.998634
136	-1.055	136	-0.948501
137	-1.0354	137	-0.898903
138	-1.0137	138	-0.849208
139	-0.99	139	-0.798233
140	-0.965	140	-0.749208
141	-0.9372	141	-0.698661
142	-0.9058	142	-0.647861
143	-0.8726	143	-0.598697
144	-0.8353	144	-0.548532
145	-0.7946	145	-0.498984
146	-0.7486	146	-0.448704
147	-0.6975	147	-0.398787
148	-0.6418	148	-0.349046
149	-0.5789	149	-0.298774
150	-0.5091	150	-0.24859
151	-0.4337	151	-0.199127
152	-0.3488	152	-0.14889
153	-0.2553	153	-0.099873
154	-0.1398	154	-0.048627
155	0.0175	155	0
156	0.0179	156	3.4E-4
157	0.018	157	3.7E-4
158	0.0182	158	2.85E-4
159	0.0183	159	3.81E-4
160	0.3474	160	0.049395
161	0.5273	161	0.100276
162	0.645	162	0.148901
163	0.7437	163	0.199159
164	0.8286	164	0.248586
165	0.9056	165	0.299452
166	0.9738	166	0.349469
167	1.0337	167	0.399307
168	1.088	168	0.449115
169	1.1364	169	0.499225
170	1.1795	170	0.548908
171	1.2181	171	0.599123
172	1.2522	172	0.647849
173	1.2844	173	0.699301
174	1.3127	174	0.74917
175	1.3378	175	0.798493
176	1.3616	176	0.849662
177	1.3833	177	0.899167
178	1.4033	178	0.948958
179	1.4221	179	0.99884
180	1.4395	180	1.04994
181	1.4553	181	1.09899
182	1.4697	182	1.14854
183	1.4838	183	1.19841
184	1.4972	184	1.24954
185	1.5094	185	1.29934
186	1.5205	186	1.34929
187	1.5311	187	1.39885
188	1.5412	188	1.44974
189	1.5504	189	1.49894
190	1.559	190	1.54907
191	1.5676	191	1.59987
192	1.5753	192	1.64938
193	1.583	193	1.69934
194	1.5897	194	1.7488
195	1.5968	195	1.79948
196	1.6033	196	1.84933
197	1.6092	197	1.89928
198	1.6147	198	1.94888
199	1.6203	199	2.00035
200	1.6256	200	2.0489
201	1.6306	201	2.09933
202	1.6352	202	2.1488
203	1.6396	203	2.19901
204	1.6437	204	2.24915
205	1.6476	205	2.29912
206	1.6511	206	2.34936
207	1.655	207	2.39971
208	1.6588	208	2.4487
209	1.6624	209	2.49833
